1
Shahzaib
Nawaz
234567
3.18952
86.5
86.5
84
75.1667
73.6667
72
80.3333
Fri Jan 12 10:17:47 2024
2
Hasnat
Awan
123456
3.11333
57.6667
72.1667
78
86.3333
78
86.3333
86.3333
Fri Jan 12 09:04:24 2024
4
Faiza 
Jamil
456789
3.24571
86
84
84
83
84
81
66
Fri Jan 12 09:09:25 2024
5
Aymen 
Abbas
456789
3.67333
97.6667
89.6667
92.3333
93.5
93.6667
89.1667
86.8333
Fri Jan 12 09:12:11 2024
6
Tauseeq
Hassan
123456
3.20667
87.1667
86.6667
83
85.8333
80.6667
68.8333
69
Fri Jan 12 09:14:43 2024
7
Usman
Haider
123457
3.26857
84.3333
83.8333
92
91.1667
75.6667
72
73
Fri Jan 12 09:16:56 2024
8
Abdullah
Shahzaib
234567
2.76381
73.1667
66.1667
75
57
70.8333
66
75.5
Fri Jan 12 09:20:16 2024
9
Hamza
Ali
345678
2.87048
89.3333
75
70.1667
65.5
56.1667
55.3333
90.8333
Fri Jan 12 09:22:30 2024
10
Bilal
Malik
567890
2.87238
59.3333
86.8333
70.1667
73.5
59.5
73.5
79.8333
Fri Jan 12 09:24:12 2024
12
umair
hasnat
123456
3.71238
90.1667
91.6667
93.6667
98.6667
86.6667
90.1667
98.6667
Mon Jan 15 11:45:25 2024
43
Hasnat
Arshad
123456
0.526667
20.3333
11.3333
10
20.1667
5
11.3333
14
Thu Jun 06 01:22:30 2024
